7.678125000000000000e+01
1.084570312500000000e+02
7.996875000000000000e+01
1.231523437500000000e+02
8.421875000000000000e+01
1.391835937500000000e+02
9.271875000000000000e+01
1.552148437500000000e+02
1.001562500000000000e+02
1.699101562500000000e+02
1.086562500000000000e+02
1.832695312500000000e+02
1.182187500000000000e+02
1.952929687500000000e+02
1.256562500000000000e+02
2.073164062500000000e+02
1.384062500000000000e+02
2.126601562500000000e+02
1.564687500000000000e+02
2.099882812500000000e+02
1.713437500000000000e+02
2.019726562500000000e+02
1.840937500000000000e+02
1.886132812500000000e+02
1.947187500000000000e+02
1.712460937500000000e+02
2.010937500000000000e+02
1.498710937500000000e+02
2.042812500000000000e+02
1.284960937500000000e+02
2.042812500000000000e+02
1.017773437500000000e+02
2.032187500000000000e+02
7.773046875000000000e+01
7.784375000000000000e+01
1.057851562500000000e+02
8.475000000000000000e+01
1.064531250000000000e+02
9.218750000000000000e+01
1.097929687500000000e+02
1.006875000000000000e+02
1.124648437500000000e+02
1.086562500000000000e+02
1.144687500000000000e+02
1.320312500000000000e+02
1.138007812500000000e+02
1.426562500000000000e+02
1.097929687500000000e+02
1.548750000000000000e+02
1.057851562500000000e+02
1.655000000000000000e+02
1.031132812500000000e+02
1.755937500000000000e+02
1.031132812500000000e+02
1.192812500000000000e+02
1.231523437500000000e+02
1.192812500000000000e+02
1.378476562500000000e+02
1.192812500000000000e+02
1.512070312500000000e+02
1.192812500000000000e+02
1.659023437500000000e+02
1.097187500000000000e+02
1.618945312500000000e+02
1.182187500000000000e+02
1.685742187500000000e+02
1.267187500000000000e+02
1.712460937500000000e+02
1.362812500000000000e+02
1.672382812500000000e+02
1.447812500000000000e+02
1.659023437500000000e+02
8.846875000000000000e+01
1.218164062500000000e+02
9.165625000000000000e+01
1.218164062500000000e+02
1.033437500000000000e+02
1.204804687500000000e+02
1.086562500000000000e+02
1.204804687500000000e+02
1.033437500000000000e+02
1.218164062500000000e+02
9.165625000000000000e+01
1.231523437500000000e+02
1.437187500000000000e+02
1.204804687500000000e+02
1.490312500000000000e+02
1.231523437500000000e+02
1.617812500000000000e+02
1.231523437500000000e+02
1.681562500000000000e+02
1.204804687500000000e+02
1.628437500000000000e+02
1.231523437500000000e+02
1.490312500000000000e+02
1.231523437500000000e+02
1.129062500000000000e+02
1.792617187500000000e+02
1.192812500000000000e+02
1.792617187500000000e+02
1.256562500000000000e+02
1.819335937500000000e+02
1.299062500000000000e+02
1.819335937500000000e+02
1.330937500000000000e+02
1.805976562500000000e+02
1.479687500000000000e+02
1.792617187500000000e+02
1.628437500000000000e+02
1.792617187500000000e+02
1.543437500000000000e+02
1.886132812500000000e+02
1.447812500000000000e+02
1.939570312500000000e+02
1.341562500000000000e+02
1.966289062500000000e+02
1.245937500000000000e+02
1.912851562500000000e+02
1.182187500000000000e+02
1.859414062500000000e+02
1.150312500000000000e+02
1.805976562500000000e+02
1.224687500000000000e+02
1.846054687500000000e+02
1.299062500000000000e+02
1.859414062500000000e+02
1.458437500000000000e+02
1.846054687500000000e+02
1.607187500000000000e+02
1.805976562500000000e+02
1.469062500000000000e+02
1.846054687500000000e+02
1.309687500000000000e+02
1.859414062500000000e+02
1.235312500000000000e+02
1.846054687500000000e+02
