7.150000000000000000e+01
1.193085937500000000e+02
7.250000000000000000e+01
1.362773437500000000e+02
7.550000000000000000e+01
1.504179687500000000e+02
7.950000000000000000e+01
1.659726562500000000e+02
8.650000000000000000e+01
1.815273437500000000e+02
9.450000000000000000e+01
1.956679687500000000e+02
1.035000000000000000e+02
2.069804687500000000e+02
1.145000000000000000e+02
2.140507812500000000e+02
1.285000000000000000e+02
2.154648437500000000e+02
1.455000000000000000e+02
2.140507812500000000e+02
1.595000000000000000e+02
2.069804687500000000e+02
1.695000000000000000e+02
1.956679687500000000e+02
1.795000000000000000e+02
1.843554687500000000e+02
1.885000000000000000e+02
1.659726562500000000e+02
1.915000000000000000e+02
1.461757812500000000e+02
1.925000000000000000e+02
1.277929687500000000e+02
1.925000000000000000e+02
1.094101562500000000e+02
7.450000000000000000e+01
1.051679687500000000e+02
8.350000000000000000e+01
1.030468750000000000e+02
9.300000000000000000e+01
1.051679687500000000e+02
1.025000000000000000e+02
1.079960937500000000e+02
1.120000000000000000e+02
1.108242187500000000e+02
1.385000000000000000e+02
1.094101562500000000e+02
1.480000000000000000e+02
1.058750000000000000e+02
1.610000000000000000e+02
1.016328125000000000e+02
1.710000000000000000e+02
1.002187500000000000e+02
1.815000000000000000e+02
1.023398437500000000e+02
1.235000000000000000e+02
1.207226562500000000e+02
1.245000000000000000e+02
1.348632812500000000e+02
1.235000000000000000e+02
1.490039062500000000e+02
1.245000000000000000e+02
1.631445312500000000e+02
1.105000000000000000e+02
1.645585937500000000e+02
1.185000000000000000e+02
1.673867187500000000e+02
1.265000000000000000e+02
1.716289062500000000e+02
1.335000000000000000e+02
1.688007812500000000e+02
1.445000000000000000e+02
1.659726562500000000e+02
8.550000000000000000e+01
1.221367187500000000e+02
9.050000000000000000e+01
1.235507812500000000e+02
1.035000000000000000e+02
1.221367187500000000e+02
1.085000000000000000e+02
1.207226562500000000e+02
1.025000000000000000e+02
1.235507812500000000e+02
9.050000000000000000e+01
1.249648437500000000e+02
1.465000000000000000e+02
1.207226562500000000e+02
1.515000000000000000e+02
1.221367187500000000e+02
1.655000000000000000e+02
1.221367187500000000e+02
1.715000000000000000e+02
1.193085937500000000e+02
1.665000000000000000e+02
1.221367187500000000e+02
1.515000000000000000e+02
1.221367187500000000e+02
1.025000000000000000e+02
1.843554687500000000e+02
1.125000000000000000e+02
1.815273437500000000e+02
1.225000000000000000e+02
1.815273437500000000e+02
1.265000000000000000e+02
1.815273437500000000e+02
1.305000000000000000e+02
1.801132812500000000e+02
1.445000000000000000e+02
1.815273437500000000e+02
1.565000000000000000e+02
1.829414062500000000e+02
1.485000000000000000e+02
1.900117187500000000e+02
1.385000000000000000e+02
1.970820312500000000e+02
1.285000000000000000e+02
1.984960937500000000e+02
1.195000000000000000e+02
1.956679687500000000e+02
1.105000000000000000e+02
1.900117187500000000e+02
1.045000000000000000e+02
1.843554687500000000e+02
1.165000000000000000e+02
1.857695312500000000e+02
1.275000000000000000e+02
1.871835937500000000e+02
1.415000000000000000e+02
1.857695312500000000e+02
1.555000000000000000e+02
1.829414062500000000e+02
1.415000000000000000e+02
1.857695312500000000e+02
1.275000000000000000e+02
1.871835937500000000e+02
1.165000000000000000e+02
1.857695312500000000e+02
